     1.7565999900e-02
    -4.4580340300e-14
     5.9265172500e-02
    -2.0858635600e-13
     2.3577796000e-03
     3.5555067600e-01
    -3.0238962500e-02
     1.7525347200e-12
     3.7165322800e-12
     1.0538929900e-01
    -4.9788860000e-13
    -5.8904806900e-02
    -2.6101313900e-03
     4.5447082100e-13
     5.8156472200e-01
    -9.1163371200e-13
    -2.0588409300e-03
    -3.3479746700e-01
    -1.0279206800e-12
     6.8422260700e-03
     6.7874431900e-01
     4.0379472300e-03
     3.9715189700e-13
     1.1075713600e-12
    -4.5727768500e-02
     1.1000524400e-12
    -2.9235559800e-12
     1.0144521400e-01
     2.0698311400e-13
     4.7398446000e-03
    -2.8066108300e-03
     2.3646315500e-12
    -2.2093431200e-01
     8.5199748100e-02
     1.6588145800e-13
     6.3739180500e-01
     4.0099075200e-12
     2.8360676400e-02
    -1.0696239100e-02
    -9.1339788900e-12
     3.9447649700e-02
    -1.4929967400e-01
     4.5377193300e-12
     6.5391974000e-02
     7.0495044000e-01
     2.1998816800e-03
    -6.5183712200e-13
    -1.0187494400e-12
     7.0209970700e-03
    -1.7059162100e-12
     2.8941738400e-12
    -4.8544612100e-02
    -9.2793113100e-13
    -4.3192200300e-12
     1.0144521600e-01
    -5.6882963600e-12
    -5.4075342000e-03
     2.8237366000e-03
     6.5008754500e-12
    -1.5822516300e-02
     3.6695841500e-02
    -7.3874442600e-12
    -9.3459819500e-02
     1.5570736700e-02
     8.8279687200e-12
     6.3739180000e-01
    -4.6233435800e-12
     1.9119559200e-03
     2.4837399500e-04
    -1.5999773800e-12
     3.7213486700e-02
    -2.7939122000e-02
    -9.7322144800e-12
    -1.5570729900e-02
    -3.9314290000e-01
     8.7009350000e-12
    -6.5391981700e-02
     7.0495043700e-01
     9.7521369600e-05
    -1.6627486200e-12
    -3.4024110900e-12
    -1.1574227000e-02
    -3.2130229200e-12
     5.1058678500e-12
     7.0209962900e-03
    -3.8129309100e-13
     3.8935937500e-13
    -4.5727768400e-02
     2.0247211000e-12
     9.0453468700e-12
     1.0538932700e-01
     5.3939144600e-12
    -4.2322816700e-04
     1.7539375700e-04
    -8.5706499400e-12
     1.6572247400e-02
    -3.1546622100e-03
     6.0512252100e-12
    -1.5822526800e-02
    -3.7213471900e-02
    -5.9901362800e-12
    -2.2093431900e-01
    -3.9447663900e-02
     6.5378335500e-13
     5.8156473800e-01
     2.5399432300e-12
    -3.7287852800e-04
     4.3511056100e-04
    -2.4779654000e-12
     3.1546439500e-03
     6.1354268500e-03
     5.8226698200e-12
    -3.6695831900e-02
    -2.7939141400e-02
    -4.4360755500e-12
    -8.5199736300e-02
    -1.4929965600e-01
    -6.2204401000e-13
    -6.8422279300e-03
     6.7874430600e-01
     6.4488323000e-03
     1.6332956200e-12
     4.3904089900e-12
     6.1225324900e-03
    -5.3716151500e-12
     1.4045670300e-12
    -1.0044088100e-03
     1.3137396300e-11
    -3.5939858700e-11
     4.7389214900e-03
     3.0850867600e-11
     2.7062091600e-11
    -5.5556175100e-02
    -3.2353155000e-11
    -1.9677194000e-11
     1.4856931700e-01
    -1.5454457300e-12
    -5.2120321100e-03
    -2.7972783400e-03
     1.0297286700e-11
    -2.7503316500e-02
    -3.6486013600e-02
     8.7219603000e-12
     2.5726731500e-02
     1.0667641300e-02
    -8.3071903000e-12
    -6.1155745800e-02
    -1.1346389100e-02
    -7.3689265900e-12
    -2.1387895200e-01
     8.6414729900e-02
     1.3986280500e-11
     6.3911938100e-01
     5.1863577100e-13
    -1.2934550200e-03
     9.5525458100e-04
     3.8609089300e-12
    -3.8035093100e-02
    -2.3106437700e-02
     5.2171096200e-12
     1.0848056900e-02
    -1.8269962100e-02
    -9.8637557400e-12
     1.3028843000e-03
     3.1703517200e-02
    -6.9221888900e-12
     7.6837176000e-02
    -1.6671046300e-01
     6.3465905000e-12
    -1.2086023000e-09
     6.2102963100e-01
     3.8830882300e-03
    -2.1655090900e-12
    -6.4988975800e-12
    -5.5556123900e-02
     1.0706563000e-11
    -5.9291917300e-12
     4.7389361300e-03
    -1.3881970900e-11
     3.9924474500e-11
    -1.0044221200e-03
    -3.4434200400e-11
    -2.0122928500e-11
     6.1225347200e-03
     3.4101360800e-11
     7.1500122100e-12
    -8.0522369300e-02
    -1.9052403700e-11
     4.4690554700e-12
     1.4856920800e-01
     2.6760815000e-12
     3.7697376100e-03
     2.2684535500e-03
    -1.3234269700e-11
    -2.1387893200e-01
    -8.6414752200e-02
    -7.4305627600e-12
    -6.1155771600e-02
     1.1346432400e-02
     7.1103612700e-12
     2.5726702700e-02
    -1.0667684500e-02
     7.7676139700e-12
    -2.7503290400e-02
     3.6486034000e-02
    -2.3748076400e-11
    -7.8036177300e-02
     2.3837567700e-09
     2.7933234900e-11
     6.3911940400e-01
    -1.1534228900e-12
    -2.7808430400e-02
    -1.2962880900e-02
     1.6069656300e-11
    -7.6837176900e-02
    -1.6671045700e-01
     6.2136892500e-12
    -1.3028805500e-03
     3.1703517300e-02
    -6.0984715600e-12
    -1.0848061100e-02
    -1.8269966500e-02
    -1.3179045200e-11
     3.8035094900e-02
    -2.3106433700e-02
     2.8061510300e-11
    -3.1085786600e-09
    -2.4059312100e-01
    -2.6883248900e-11
    -2.7332130700e-09
     6.2102962900e-01
    -2.7830607300e-03
     1.0094661500e-12
     2.8582615000e-12
     9.2869067800e-03
    -1.3070245400e-11
    -1.8894357400e-12
     3.3490921000e-03
     1.1361728400e-11
    -1.2433142100e-11
    -1.5368691700e-03
     8.5178253400e-13
    -5.0347896900e-12
     5.8921325300e-03
     6.0365298000e-13
     4.9732818100e-12
     6.1225194400e-03
     4.7167927700e-12
     2.0050515300e-12
    -5.5556143600e-02
    -4.8407292700e-12
     1.4734271100e-11
     1.0538931800e-01
    -2.7588177200e-13
     1.2685569800e-03
     1.1762412000e-03
     3.3469075700e-14
    -8.5806021300e-02
     8.1744849000e-03
     7.7560692800e-12
     2.0100788000e-02
    -2.0633204900e-02
    -8.6912165700e-12
    -1.4171318200e-02
     3.2730769200e-03
     1.3236125800e-12
     3.4554184700e-02
    -9.4069371600e-03
    -9.6473275500e-14
    -2.7503313000e-02
     3.8035085400e-02
     4.2907161400e-12
    -2.1387896500e-01
     7.6837175700e-02
    -2.2825889500e-12
     5.8156473400e-01
     2.5247547500e-13
    -1.6373201300e-03
     9.4269109100e-04
    -8.3156900900e-12
    -8.1744624900e-03
     2.5482120300e-02
    -4.1607956200e-12
    -2.7778091900e-03
    -6.7654955900e-03
     4.0421206500e-12
     6.3427719000e-03
     5.4685999700e-03
     6.6416627800e-12
    -9.4069303300e-03
    -1.4561578400e-02
    -6.1992625900e-12
     3.6486021800e-02
    -2.3106441000e-02
     1.0353513900e-11
     8.6414730300e-02
    -1.6671046200e-01
    -1.8354356300e-12
    -6.8422255600e-03
     6.7874431300e-01
    -8.2032193700e-04
     8.6851964800e-13
     1.1957051700e-12
     3.3490792300e-03
     2.5320539500e-12
    -1.0173762700e-11
    -3.4148908900e-05
    -3.4743778300e-12
     1.5864241200e-11
    -6.4286619900e-04
    -1.8009668900e-11
    -2.4885538100e-11
    -1.5368645900e-03
     1.5415739800e-11
     1.0070197300e-11
    -1.0044324200e-03
    -1.1127322600e-13
     2.4259529400e-12
     4.7389456300e-03
     6.2851079100e-12
     5.9485386700e-12
    -4.5727774100e-02
    -7.1400626200e-13
     1.1921310100e-12
     1.0144521700e-01
     1.1207600600e-13
     2.3444807200e-04
    -3.5875071400e-04
     2.0846093800e-12
     2.0100780400e-02
     2.7778067000e-03
    -5.7079898300e-12
    -1.9524191000e-02
     9.3024094100e-03
     6.0596097500e-12
     3.8305770300e-03
    -9.0478894500e-03
    -2.0948036000e-12
    -1.4171332500e-02
     6.3427769000e-03
     2.8655854100e-12
     2.5726722400e-02
    -1.0848059700e-02
    -6.7671753100e-12
    -6.1155745500e-02
     1.3028778600e-03
     2.2900158300e-12
    -2.2093432200e-01
    -8.5199736300e-02
     1.1318386800e-12
     6.3739179800e-01
     2.5938707400e-12
     5.1623353000e-04
     2.5150526100e-04
    -1.6459950500e-12
     2.0633179900e-02
    -6.7655169700e-03
     4.1673935300e-12
    -9.3024220000e-03
     1.8110146800e-02
    -2.6687043500e-12
    -9.0478972000e-03
    -1.1800714000e-02
    -2.9341496500e-12
     3.2730754400e-03
     5.4686015200e-03
    -2.1437265500e-11
    -1.0667656800e-02
    -1.8269957400e-02
     1.7770168200e-11
    -1.1346369000e-02
     3.1703519300e-02
    -5.0961779000e-12
    -3.9447666700e-02
    -1.4929966000e-01
     9.0365114000e-12
    -6.5391981800e-02
     7.0495044600e-01
     9.2408168700e-04
    -8.6554850400e-13
    -8.5396167300e-13
    -1.5368617700e-03
    -2.3944452300e-12
     1.1078680800e-11
    -6.4286734500e-04
     1.6829661600e-12
    -1.5653007200e-11
    -3.4151760700e-05
     2.0117173800e-11
     2.2551367300e-11
     3.3490865800e-03
    -1.7042074400e-11
    -6.5061813100e-12
     4.7389472700e-03
     3.2537191500e-12
    -6.7275271100e-12
    -1.0044250000e-03
    -9.0433235100e-12
    -6.2027658500e-12
     7.0210003100e-03
     1.8100809700e-12
    -2.1417692000e-12
    -4.8544612600e-02
    -1.6035514500e-12
    -7.5916303000e-12
     1.0144522000e-01
     1.8363060800e-12
    -5.3256768700e-05
    -1.0170389200e-05
    -2.4026987200e-12
    -1.4171330300e-02
    -6.3427905700e-03
     6.9232488900e-12
     3.8305667000e-03
     9.0479060800e-03
    -7.9753001600e-12
    -1.9524200200e-02
    -9.3024267700e-03
    -1.0624698400e-12
     2.0100792800e-02
    -2.7778040100e-03
    -1.4788525400e-11
    -6.1155752200e-02
    -1.3028755500e-03
     1.9805008300e-11
     2.5726740700e-02
     1.0848058400e-02
    -2.7114993600e-12
    -1.5822525700e-02
    -3.6695832300e-02
     9.9211327400e-12
    -9.3459822300e-02
    -1.5570725900e-02
    -9.8159950800e-12
     6.3739180600e-01
    -4.6276912900e-12
    -1.4850612300e-04
     2.7351744100e-04
     5.4917509900e-12
    -3.2730675200e-03
     5.4686208100e-03
    -8.2398297900e-12
     9.0479041700e-03
    -1.1800721800e-02
     6.9264364000e-12
     9.3024240200e-03
     1.8110151100e-02
     2.3518567400e-12
    -2.0633195500e-02
    -6.7655032700e-03
     3.6529375100e-11
     1.1346401400e-02
     3.1703519400e-02
    -3.5717609200e-11
     1.0667618000e-02
    -1.8269957700e-02
     6.3945826400e-12
    -3.7213457400e-02
    -2.7939146300e-02
    -2.1095528300e-11
     1.5570736200e-02
    -3.9314290900e-01
     1.9157077300e-11
     6.5391966300e-02
     7.0495046200e-01
     4.8749331700e-04
    -3.5547621900e-13
    -1.3426572200e-12
     5.8921323100e-03
     9.7914674200e-12
     1.7947432700e-12
    -1.5368819000e-03
    -1.0469651400e-11
     1.7789517100e-11
     3.3491047900e-03
    -1.0411568100e-11
    -9.9906944700e-12
     9.2869248300e-03
     8.5694210600e-12
     9.3540054300e-12
    -5.5556187400e-02
    -3.5970646500e-12
    -3.9571887500e-12
     6.1225242700e-03
     7.4999504900e-12
    -1.7646810400e-11
    -1.1574215300e-02
    -7.9313714600e-13
     1.7516610400e-13
     7.0210103400e-03
     8.5858007400e-14
     1.1496554000e-11
    -4.5727782700e-02
     4.3173745400e-12
    -1.5766068800e-11
     1.0538933600e-01
    -2.3683292100e-12
     8.1630801100e-04
     7.7624199500e-04
     3.2018746200e-12
     3.4554195600e-02
     9.4069389400e-03
    -1.0709821100e-11
    -1.4171324000e-02
    -3.2730716300e-03
     1.2264794700e-11
     2.0100786500e-02
     2.0633201100e-02
     1.4810056800e-12
    -8.5806024800e-02
    -8.1744750100e-03
     1.7714215200e-11
    -2.1387894500e-01
    -7.6837175800e-02
    -2.3858500400e-11
    -2.7503332000e-02
    -3.8035083400e-02
     3.7423455600e-12
     1.6572275600e-02
     3.1546452600e-03
    -1.1651126300e-11
    -1.5822518300e-02
     3.7213463500e-02
     1.1431080500e-11
    -2.2093432800e-01
     3.9447670100e-02
    -6.4912965100e-12
     5.8156473100e-01
     2.2198714000e-12
    -1.1656228600e-03
    -7.2841990800e-04
    -8.3887569200e-12
     9.4069403300e-03
    -1.4561592700e-02
    -4.8312313200e-13
    -6.3427857700e-03
     5.4686204200e-03
     3.5468447500e-12
     2.7777957600e-03
    -6.7655151900e-03
     6.0722955300e-12
     8.1744770900e-03
     2.5482127100e-02
    -2.6239836300e-11
    -8.6414730300e-02
    -1.6671046000e-01
     2.3711239700e-11
    -3.6486009400e-02
    -2.3106443200e-02
    -8.5089645300e-12
    -3.1546561900e-03
     6.1354360800e-03
     7.2152941800e-12
     3.6695837000e-02
    -2.7939126300e-02
    -4.7374873200e-12
     8.5199745600e-02
    -1.4929968300e-01
     1.1263142400e-11
     6.8422145000e-03
     6.7874432200e-01
    -1.1501913000e-03
     1.0491186200e-13
     9.3924092400e-14
     1.4905351800e-03
     6.4199884600e-13
     2.1259300800e-13
    -2.9602574200e-02
    -2.5436070900e-13
    -4.3656529300e-14
     3.6070569600e-03
    -8.8823134200e-14
     4.6108628000e-13
     8.8307853200e-03
    -2.1541550300e-13
    -3.9770129500e-13
    -1.8471470000e-03
     1.7522856400e-14
     1.3121641100e-12
     3.1908893800e-03
    -2.5720404600e-13
    -3.7448036100e-13
     1.9052545400e-04
    -4.4807730800e-13
    -7.6981027400e-13
     4.3872515000e-04
     4.1955791200e-13
     3.5235834100e-13
     1.5165132300e-04
    -3.4864199800e-13
     5.2359368700e-13
    -7.4079882100e-04
     3.2668817000e-13
    -1.0876414200e-12
     2.0470809600e-02
    -3.5823926400e-14
     1.0188136200e-03
     2.9084420300e-04
     5.3645142600e-15
    -1.8494079300e-02
    -1.5574114900e-02
    -3.0599994100e-13
    -2.6515166300e-01
    -1.2340017000e-01
     7.5086088500e-14
     3.9154797000e-03
     1.9093877500e-03
     2.8995145700e-13
     1.5496541500e-03
     6.9390359200e-04
    -1.5219967800e-13
     1.5521675900e-05
     4.9399593200e-04
     1.0619182600e-13
    -2.3035453300e-03
     4.1509514200e-03
    -2.7610767500e-13
    -5.0156467900e-04
    -9.7184220300e-04
    -3.6343891200e-13
    -1.8883321500e-04
     1.2623714000e-04
     4.1286496800e-13
    -7.0433908700e-05
    -3.1864118600e-06
     1.8519265400e-13
     1.3646522100e-05
    -1.8838646200e-04
     9.5921306300e-14
     2.7954084700e-01
    -1.9455506600e-13
    -6.5326906000e-04
     7.8115725200e-04
     1.4604264100e-12
     1.5235540100e-02
     1.1089262400e-02
     2.6844365400e-13
    -1.2236796900e-01
    -1.3126285900e-01
    -5.2847165600e-14
    -3.0048183100e-02
    -1.1428916200e-02
    -1.1421558700e-12
     2.2974765500e-03
    -5.2020712600e-03
     2.4466076900e-12
    -1.7550970300e-04
    -2.7531260500e-04
    -3.4025151100e-12
     3.2456856100e-03
    -1.5519739900e-03
     1.6666928600e-12
     1.4465846700e-04
     6.4469407100e-04
     7.2440392500e-13
     6.9381352800e-04
    -3.7977047300e-05
    -3.5423316400e-13
    -1.9985657500e-04
    -3.6223485100e-04
    -1.3635837800e-12
     1.3792186100e-05
     1.6851469100e-04
     1.0237378500e-14
     1.3272196200e-01
     1.3683189700e-01
    -1.9615167500e-04
    -6.9189278400e-14
    -1.5789127600e-13
     8.8307859300e-03
     6.4044939800e-13
     3.2483383800e-13
     3.6070573300e-03
    -3.6650696300e-13
    -1.4433112100e-12
    -2.9602574200e-02
     2.7514435900e-12
     2.9219260700e-12
     1.4905368500e-03
    -2.6894617300e-12
    -1.3758608700e-12
     3.1908845400e-03
    -4.9899327900e-13
    -1.6014929200e-13
    -1.8471499500e-03
     2.4798060800e-13
    -1.0863504700e-12
    -7.4079639600e-04
    -5.9806596800e-13
     9.6470763600e-13
     1.5165092500e-04
     3.2762512300e-13
    -1.6448316200e-12
     4.3872573200e-04
    -1.1317954000e-12
     2.6243856600e-12
     1.9052788400e-04
     1.4341294000e-12
    -1.1837691800e-12
    -4.7214321500e-03
     1.4359012400e-14
    -1.7080127400e-14
     2.0470809500e-02
    -1.6851336300e-13
     3.8001728000e-05
    -1.8660055900e-04
     1.1975439400e-12
     1.5496543300e-03
    -6.9390398600e-04
    -2.1180585300e-13
     3.9154790400e-03
    -1.9093870800e-03
    -3.3130815900e-14
    -2.6515166200e-01
     1.2340016900e-01
    -5.0390115800e-13
    -1.8494079900e-02
     1.5574115400e-02
     2.0355509500e-12
    -2.3035438600e-03
    -4.1509503400e-03
    -2.2143956700e-12
     1.5521079100e-05
    -4.9399584100e-04
     8.2370981400e-13
     1.3646640200e-05
     1.8838546700e-04
     9.1110063700e-14
    -7.0433263500e-05
     3.1873204600e-06
    -8.2122930200e-14
    -1.8883364300e-04
    -1.2623762000e-04
    -1.0665285000e-12
    -5.0156542000e-04
     9.7184119800e-04
     5.8481277500e-14
     7.8806706800e-04
     3.8478200400e-04
    -2.7593203200e-16
     2.7954084700e-01
    -1.0380014400e-13
     1.3961437500e-03
    -6.6085517200e-04
     1.0878662300e-13
    -2.2974752000e-03
    -5.2020711300e-03
     4.0395774900e-13
     3.0048182800e-02
    -1.1428915800e-02
    -1.2839454200e-13
     1.2236796800e-01
    -1.3126285900e-01
    -6.5079198400e-13
    -1.5235539400e-02
     1.1089262400e-02
     1.8242524500e-12
    -3.2456858400e-03
    -1.5519752900e-03
    -1.2377940100e-12
     1.7550864300e-04
    -2.7531304200e-04
     5.3962039900e-13
    -1.3791907600e-05
     1.6851506500e-04
    -3.2082603200e-13
     1.9985653300e-04
    -3.6223503300e-04
     1.7341734200e-13
    -6.9381288600e-04
    -3.7977270900e-05
    -9.8615859300e-13
    -1.4465864100e-04
     6.4469555300e-04
    -7.1923381500e-14
    -3.8478204200e-04
     1.1866911800e-03
     7.7646381500e-14
    -1.3272196100e-01
     1.3683189700e-01
     5.1080313600e-04
     8.3360267100e-14
     3.9798631500e-13
     9.7519621100e-05
    -3.9536946900e-14
     8.5141809100e-13
     2.1998827000e-03
     2.5852118800e-13
    -3.7375755600e-12
     4.0379470000e-03
     4.6771613300e-12
     3.3976453000e-12
    -3.0238965900e-02
    -4.2913971800e-12
    -1.2694707400e-12
     3.8830947100e-03
     1.5418711700e-12
    -5.9989660200e-13
     6.4488365300e-03
    -2.4778937600e-12
     9.7411490000e-13
     4.8749076100e-04
    -2.5250158400e-13
    -5.2801649800e-13
     9.2408113000e-04
     1.8309963000e-13
    -1.8638672800e-12
    -8.2032246400e-04
    -2.0989703000e-12
     4.0527632400e-12
    -2.7830633100e-03
     2.5464366000e-12
    -2.2048487500e-12
    -1.9615181100e-04
    -3.7636643500e-15
     2.2837284400e-13
    -1.1501912400e-03
     6.4608184600e-14
     2.2147887000e-13
     1.7566000800e-02
     3.7646210900e-13
     1.4825731400e-04
     1.0654702400e-05
    -3.9620066400e-12
    -4.2322913600e-04
     3.7287872100e-04
    -6.9640647700e-13
    -5.4075336900e-03
    -1.9119570100e-03
     2.5951192600e-13
     4.7398450500e-03
    -2.8360675700e-02
     3.1432883800e-12
    -5.8904806300e-02
     2.0588403600e-03
    -5.5028998600e-12
     3.7697364000e-03
     2.7808430500e-02
     7.7016624700e-12
    -5.2120311200e-03
     1.2934550300e-03
    -3.4266820000e-12
     8.1630769300e-04
     1.1656233900e-03
    -1.8028514500e-12
    -5.3257276800e-05
     1.4850551200e-04
     1.1366262500e-12
     2.3444827000e-04
    -5.1623298800e-04
     2.5817994400e-12
     1.2685571800e-03
     1.6373202900e-03
     1.3124536800e-13
     3.8001682200e-05
    -1.3961437300e-03
     1.3817041400e-13
     1.0188135700e-03
     6.5326902100e-04
    -4.3512281700e-13
     5.9265172400e-02
    -3.5581625800e-13
    -1.0654782400e-05
    -1.0114039600e-04
     3.8449383000e-12
    -1.7539506500e-04
     4.3511072800e-04
     1.1181160400e-13
    -2.8237364300e-03
     2.4837211700e-04
    -3.4662575300e-13
     2.8066123000e-03
    -1.0696238500e-02
    -2.1438273100e-12
     2.6101315600e-03
    -3.3479746800e-01
     4.2221857900e-12
    -2.2684538800e-03
    -1.2962879000e-02
    -6.6855689700e-12
     2.7972777900e-03
     9.5525622200e-04
     2.7088375300e-12
    -7.7624155400e-04
    -7.2842098200e-04
     1.0081232200e-12
     1.0171153900e-05
     2.7351748800e-04
    -3.9833202100e-13
     3.5874933700e-04
     2.5150591500e-04
    -1.7633853600e-12
    -1.1762408100e-03
     9.4268826100e-04
     1.1023283800e-13
     1.8660086700e-04
    -6.6085498700e-04
    -1.5427358100e-13
    -2.9084451900e-04
     7.8115734800e-04
     2.4212519600e-13
    -2.3577795500e-03
     3.5555067700e-01
    -2.1256652800e-03
     2.9180698800e-13
     6.8890986200e-13
     4.8749488100e-04
     1.5556436500e-12
    -5.6820787200e-13
     9.2408137700e-04
    -1.0082884500e-12
     3.0414332500e-13
    -8.2032065000e-04
     8.7292327100e-13
    -5.3439325300e-13
    -2.7830600300e-03
    -1.0949992900e-12
    -4.5689873000e-13
     3.8830882700e-03
    -1.0626776700e-12
    -1.1303715400e-12
     6.4488268300e-03
     7.7859124200e-13
     2.8346126000e-13
     9.7524004700e-05
    -4.4747974900e-12
    -1.4760548600e-12
     2.1998829400e-03
     3.4882654600e-12
     1.8334425600e-12
     4.0379465700e-03
    -3.1378170800e-12
     6.7210391800e-13
    -3.0238962800e-02
     4.2863007900e-12
    -4.8796309600e-13
     2.0297457600e-04
    -8.0485378600e-14
     1.4419513800e-13
    -1.9371247300e-04
     2.6392954600e-14
     1.0894956000e-13
     1.1494415300e-03
    -5.4801198900e-13
     3.1320529200e-13
     1.7565999600e-02
    -1.3493533000e-13
    -4.0396903300e-04
    -2.4395332800e-04
     1.6344935700e-12
     8.1630782300e-04
    -1.1656240100e-03
     9.2459061100e-14
    -5.3257150500e-05
    -1.4850441200e-04
     1.5036629900e-13
     2.3444788900e-04
     5.1623111100e-04
    -1.4390902200e-12
     1.2685574000e-03
    -1.6373199600e-03
     2.0424239200e-12
     3.7697376000e-03
    -2.7808430300e-02
    -3.5078155800e-12
    -5.2120308500e-03
    -1.2934544800e-03
     1.8862568700e-12
    -4.2323003600e-04
    -3.7287884700e-04
     1.0208275100e-12
    -5.4075335400e-03
     1.9119573200e-03
    -6.7241629200e-13
     4.7398467600e-03
     2.8360675100e-02
    -9.6239207000e-13
    -5.8904808600e-02
    -2.0588399600e-03
    -6.2376737300e-14
    -1.5082580900e-05
     6.2994847700e-05
    -2.8848429400e-14
     2.9942114500e-06
     4.6220499900e-06
     2.2264872300e-13
    -8.8222483700e-04
     7.8252564200e-04
     3.4791925200e-13
     5.9265172600e-02
    -1.2220963500e-13
    -2.4395327800e-04
    -1.2247359900e-04
     3.6812865500e-13
     7.7624175800e-04
    -7.2842172100e-04
    -1.2989249200e-12
    -1.0170733700e-05
     2.7351894100e-04
     1.8489173500e-12
    -3.5875211200e-04
     2.5150353300e-04
    -3.9168203700e-13
     1.1762419900e-03
     9.4269143500e-04
     2.5722046500e-13
     2.2684542500e-03
    -1.2962881200e-02
    -8.7448002800e-13
    -2.7972767100e-03
     9.5525686900e-04
     6.1275520600e-13
     1.7539352700e-04
     4.3511049500e-04
     1.9455428200e-12
     2.8237368000e-03
     2.4837372800e-04
    -1.6323500500e-12
    -2.8066087000e-03
    -1.0696240600e-02
    -4.7342600000e-13
    -2.6101345700e-03
    -3.3479746700e-01
    -2.9153849200e-13
    -3.7740564700e-05
     2.9410593000e-05
     1.2547574700e-13
    -4.5584021900e-05
    -2.5649533300e-05
     5.7253811200e-14
    -7.8252512000e-04
     6.2742943700e-04
     3.9233939600e-13
     2.3577796800e-03
     3.5555067700e-01
     2.0297481500e-04
     7.0024298200e-14
     3.7638687200e-15
    -7.4080015700e-04
     2.1838332000e-12
    -5.4672226700e-13
     1.5164998200e-04
    -1.2305106900e-12
     1.6392761100e-12
     4.3872702700e-04
    -5.2889624500e-13
     5.7920582700e-13
     1.9052290000e-04
     2.2377254200e-14
    -1.7243909200e-12
     3.1908925100e-03
    -1.2319211500e-12
     9.4342789400e-13
    -1.8471416700e-03
     8.7939875200e-13
    -6.3651608700e-13
     8.8307825500e-03
    -2.1093204400e-12
    -1.0453272400e-12
     3.6070560300e-03
     1.5792176500e-12
     1.5919836700e-12
    -2.9602574300e-02
    -1.2155957200e-12
     1.1019074200e-13
     1.4905337400e-03
     1.6397023700e-12
    -4.8830303100e-13
    -4.1805757300e-05
    -8.4242754800e-15
    -1.8366004100e-13
    -8.0139305900e-05
    -2.0432533600e-14
     2.2754936200e-14
    -1.9371231200e-04
     2.5185658000e-13
    -1.7141031100e-13
    -1.1501911100e-03
    -1.5529111500e-13
    -1.8405068400e-13
     2.0470809000e-02
     8.5173870900e-14
    -1.5082435600e-05
    -3.7740923500e-05
    -4.3137649100e-13
     1.3644679900e-05
    -1.8838524300e-04
    -4.3140559100e-14
    -7.0432078900e-05
    -3.1891386000e-06
     2.0991817900e-13
    -1.8883366300e-04
     1.2624002200e-04
     7.9317969600e-14
    -5.0156508400e-04
    -9.7184302800e-04
    -8.8247603600e-13
    -2.3035444100e-03
     4.1509501800e-03
     9.7584757500e-13
     1.5520732100e-05
     4.9399526800e-04
    -2.9391525200e-13
     1.5496551900e-03
     6.9390478800e-04
     4.6435143200e-13
     3.9154801200e-03
     1.9093866600e-03
    -4.0890468900e-13
    -2.6515166500e-01
    -1.2340016900e-01
     3.8806350200e-13
    -1.8494078200e-02
    -1.5574114200e-02
    -7.3072817400e-14
    -2.2891860300e-05
    -7.1980050000e-06
     1.3019150400e-15
    -1.3493125000e-04
    -5.2046289500e-05
    -5.1605807600e-14
     2.9940834200e-06
     4.5583658800e-05
     2.7878313600e-14
     1.0188134900e-03
     2.9084431300e-04
    -2.7180855000e-14
     2.7954084700e-01
     1.1468751100e-13
     6.2994778100e-05
     2.9410232500e-05
    -1.2653807100e-12
     1.3792673800e-05
     1.6851512100e-04
    -3.6636901400e-14
    -1.9985728700e-04
    -3.6223490800e-04
    -1.9375282000e-14
     6.9381321500e-04
    -3.7977574800e-05
     7.2801674000e-13
     1.4465886500e-04
     6.4469432300e-04
    -1.0760622500e-12
     3.2456854500e-03
    -1.5519747200e-03
     2.0164287600e-12
    -1.7550935200e-04
    -2.7531365200e-04
    -7.3039195100e-13
     2.2974749200e-03
    -5.2020708000e-03
    -3.3249584300e-13
    -3.0048183000e-02
    -1.1428915400e-02
     5.0928105500e-14
    -1.2236796800e-01
    -1.3126286000e-01
     3.9028889300e-13
     1.5235540800e-02
     1.1089263700e-02
    -2.0480925700e-15
    -7.1978687100e-06
     1.6464854000e-05
     7.3822298400e-14
     5.2046238300e-05
     5.9757602700e-05
    -8.4271081600e-14
    -4.6220661200e-06
    -2.5649491500e-05
    -1.2192413900e-13
    -6.5326917500e-04
     7.8115732400e-04
     7.9335185000e-14
     1.3272196200e-01
     1.3683189700e-01
    -1.9371298000e-04
    -1.6408524000e-13
    -4.4627363600e-13
     1.9053731000e-04
    -1.2467653800e-12
    -8.6953510000e-13
     4.3872797100e-04
     1.2393644500e-12
    -1.2859675000e-13
     1.5165138900e-04
    -1.1490876900e-12
     5.3610676600e-13
    -7.4078399200e-04
     1.3319821100e-12
    -1.4057169700e-12
    -1.8471754800e-03
    -1.2610800400e-12
     1.3035204300e-12
     3.1908606000e-03
     1.3271256500e-12
     9.5137308700e-13
     1.4905491300e-03
     8.4952055000e-13
     1.5141049400e-12
    -2.9602571600e-02
    -7.6738476400e-13
    -1.3720959000e-12
     3.6070570200e-03
     1.1773900000e-12
     1.4203792500e-13
     8.8307975600e-03
    -1.2401367500e-12
    -1.4985819400e-13
    -8.0138648600e-05
    -1.4554778000e-14
    -5.4215705400e-14
    -4.1804837100e-05
     3.4364507800e-14
     7.6892739600e-14
     2.0297333200e-04
     2.5693828100e-13
    -2.9799544900e-13
    -1.9615252000e-04
    -1.7649253500e-13
     4.1399454200e-14
    -4.7214317400e-03
     1.9482133700e-14
     1.3924905800e-13
     2.0470811000e-02
    -2.7227256800e-14
     2.9941262100e-06
    -4.5583679300e-05
    -5.7710923400e-13
    -5.0156707500e-04
     9.7184288900e-04
     2.1652863800e-13
    -1.8883205200e-04
    -1.2623907300e-04
     8.2821406300e-15
    -7.0430651100e-05
     3.1880499500e-06
     4.6517297900e-13
     1.3642656000e-05
     1.8838548000e-04
    -4.9004145700e-14
     1.5522955900e-05
    -4.9399519400e-04
     1.9705210200e-13
    -2.3035434300e-03
    -4.1509501500e-03
    -2.9554629300e-13
    -1.8494080000e-02
     1.5574114500e-02
    -9.1352736100e-13
    -2.6515166400e-01
     1.2340016800e-01
     8.7451443100e-13
     3.9154801100e-03
    -1.9093847500e-03
     3.9441089700e-15
     1.5496541200e-03
    -6.9390557700e-04
    -2.8526514800e-14
    -1.3493150000e-04
     5.2046171700e-05
     1.8857021900e-14
    -2.2892134100e-05
     7.1981096900e-06
     6.8875324100e-14
    -1.5082259700e-05
     3.7740895300e-05
    -5.9785160700e-14
     3.8001706000e-05
    -1.8660112300e-04
     2.5749265900e-14
     7.8806708300e-04
     3.8478191000e-04
    -6.4646009100e-15
     2.7954084700e-01
     1.3923061300e-13
     4.6218967200e-06
    -2.5649391100e-05
    -6.8349968400e-13
    -1.4465741700e-04
     6.4469553300e-04
     4.7605480700e-13
    -6.9381405700e-04
    -3.7978500200e-05
    -3.4570391500e-13
     1.9985787400e-04
    -3.6223396700e-04
     7.9566777300e-13
    -1.3793258900e-05
     1.6851482800e-04
    -2.0412614500e-12
     1.7550873100e-04
    -2.7531327300e-04
     1.3910343200e-12
    -3.2456863100e-03
    -1.5519751100e-03
    -8.1407730000e-13
    -1.5235540700e-02
     1.1089262900e-02
    -6.4772696400e-13
     1.2236796800e-01
    -1.3126286000e-01
     9.2096010900e-13
     3.0048182900e-02
    -1.1428915800e-02
     1.1799985500e-12
    -2.2974737700e-03
    -5.2020712100e-03
     5.1343694900e-14
    -5.2045991600e-05
     5.9757718800e-05
    -1.3908615600e-13
     7.1978991000e-06
     1.6464890500e-05
    -1.1162816600e-13
    -6.2994816200e-05
     2.9410441100e-05
    -1.4814963800e-13
     1.3961435100e-03
    -6.6085496700e-04
     1.7719788300e-14
    -3.8478171300e-04
     1.1866911700e-03
    -1.5927011600e-13
    -1.3272196200e-01
     1.3683189700e-01
     1.1494427300e-03
    -2.3511865300e-13
    -4.9070691500e-13
    -2.7830759700e-03
    -2.0493706600e-12
     1.2291024700e-12
    -8.2032302100e-04
     1.2618007700e-12
    -1.8292747200e-12
     9.2408082000e-04
     2.6076918900e-13
     1.3022978800e-12
     4.8747679100e-04
     9.6101049000e-14
     4.2638692500e-13
     6.4488653900e-03
     1.4915399700e-12
     9.4231472600e-13
     3.8831248600e-03
    -1.4438248800e-12
    -2.5605399200e-14
    -3.0238981500e-02
     4.6393959400e-12
     1.3280752600e-12
     4.0379442500e-03
    -3.6683977100e-12
    -2.5994085400e-12
     2.1998817200e-03
     2.6597868400e-12
     5.0360607700e-13
     9.7506802200e-05
    -3.7195509600e-12
    -7.6383922300e-14
    -1.9371323200e-04
     2.9119811100e-13
    -4.6380933500e-14
     2.0297345800e-04
    -1.0778073100e-14
    -7.8849966100e-14
    -2.1256642300e-03
     4.0539499700e-13
    -2.3250700700e-13
     5.1080429000e-04
    -2.5395650900e-13
    -3.7227886500e-13
    -1.9615219400e-04
    -3.3313689600e-14
     8.1053095500e-14
    -1.1501934500e-03
     9.1713903700e-14
     1.1839228500e-13
     1.7566002500e-02
     9.9773398300e-14
    -8.8222492300e-04
    -7.8252546100e-04
    -3.4225163700e-13
     1.2685582200e-03
     1.6373198600e-03
     1.0690080400e-12
     2.3444765900e-04
    -5.1623079900e-04
    -6.8287807900e-13
    -5.3258010100e-05
     1.4850408900e-04
     4.9824065100e-13
     8.1630828100e-04
     1.1656242200e-03
    -1.3147076100e-12
    -5.2120315100e-03
     1.2934547600e-03
     5.8078276800e-14
     3.7697379000e-03
     2.7808430000e-02
    -8.9679049100e-14
    -5.8904808500e-02
     2.0588399500e-03
    -6.8933577500e-13
     4.7398463600e-03
    -2.8360674800e-02
     1.2101627200e-12
    -5.4075333800e-03
    -1.9119579500e-03
     7.1500752300e-13
    -4.2322987900e-04
     3.7287894100e-04
    -2.0075223800e-14
     2.9942033600e-06
    -4.6220872800e-06
    -1.9217948300e-13
    -1.5082560500e-05
    -6.2994908700e-05
     4.4202888000e-15
    -4.0396903500e-04
     2.4395338300e-04
    -2.0838984000e-13
     1.4825715200e-04
     1.0654615800e-05
    -1.2450771000e-13
     3.8001720100e-05
    -1.3961436000e-03
    -2.0946056100e-13
     1.0188136000e-03
     6.5326923100e-04
     2.1674176700e-13
     5.9265172700e-02
    -8.8477424500e-14
     7.8252529100e-04
     6.2742897500e-04
    -3.7482502400e-13
    -1.1762420000e-03
     9.4269028200e-04
    -1.4533196800e-12
     3.5875137400e-04
     2.5150686200e-04
     1.3353877800e-12
     1.0169803700e-05
     2.7351577100e-04
     2.6236900200e-13
    -7.7624175700e-04
    -7.2841984400e-04
     6.5221306700e-14
     2.7972791100e-03
     9.5525592100e-04
     5.6384545600e-13
    -2.2684524600e-03
    -1.2962880800e-02
    -1.5510539900e-13
     2.6101310400e-03
    -3.3479746800e-01
     8.3036012700e-13
     2.8066111100e-03
    -1.0696239100e-02
    -1.1328800700e-12
    -2.8237369400e-03
     2.4837310700e-04
    -1.5536781800e-13
    -1.7539475600e-04
     4.3511021300e-04
    -8.8055936600e-14
     4.5583912500e-05
    -2.5649465100e-05
     2.5005533000e-13
     3.7740411600e-05
     2.9410480700e-05
    -2.3877707400e-14
     2.4395345200e-04
    -1.2247361100e-04
     1.8347568900e-13
    -1.0654758400e-05
    -1.0114073800e-04
    -6.8756878700e-15
     1.8660110400e-04
    -6.6085459900e-04
     1.7957968500e-13
    -2.9084442700e-04
     7.8115727700e-04
    -1.7928874100e-13
    -2.3577795000e-03
     3.5555067700e-01
